fecha;hora;tmed;tmax;tmin;hrmed;hrmax;hrmin;radmed;radmax;vvmed;vvmax;dvmed;prec;dewpt;dpv
28/09/20;23:00:00;  16.7; 17.3;  16.4;  70.7; 72.5;  68.1;    0.0;    0.0;    0.5;    1.3;  190.6;   0.0;  11.4;   0.6
29/09/20;00:00:00;  16.3; 16.6;  15.8;  71.9; 72.8;  71.4;    0.0;    0.0;    0.4;    1.1;  190.5;   0.0;  11.2;   0.5
29/09/20;01:00:00;  15.6; 16.0;  15.1;  73.7; 75.2;  72.4;    0.0;    0.0;    0.3;    1.2;  194.4;   0.0;  10.9;   0.5
29/09/20;02:00:00;  15.1; 15.3;  14.8;  76.2; 77.4;  74.8;    0.0;    0.0;    0.3;    1.0;  190.8;   0.0;  10.9;   0.4
29/09/20;03:00:00;  15.2; 15.5;  14.8;  75.8; 77.5;  74.7;    0.0;    0.0;    0.3;    1.1;  205.2;   0.0;  11.0;   0.4
29/09/20;04:00:00;  14.9; 15.2;  14.5;  77.7; 79.3;  76.7;    0.0;    0.0;    0.2;    0.7;  206.6;   0.0;  11.0;   0.4
29/09/20;05:00:00;  15.0; 15.5;  14.6;  76.8; 79.1;  75.6;    0.4;    2.2;    0.0;    0.5;  137.0;   0.0;  11.0;   0.4
29/09/20;06:00:00;  15.3; 17.1;  14.5;  76.9; 79.4;  71.3;   55.9;  221.7;    0.2;    0.9;  176.6;   0.0;  11.3;   0.4
29/09/20;07:00:00;  18.4; 19.1;  17.1;  61.3; 71.3;  58.1;  173.6;  305.5;    0.5;    1.6;  318.0;   0.0;  10.8;   0.8
29/09/20;08:00:00;  20.6; 22.3;  19.1;  54.3; 59.3;  50.1;  350.9;  580.8;    0.5;    1.9;  305.5;   0.0;  11.0;   1.1
29/09/20;09:00:00;  23.2; 24.5;  22.1;  50.5; 53.2;  48.8;  628.3;  684.0;    0.6;    1.8;  314.4;   0.0;  12.4;   1.4
29/09/20;10:00:00;  25.5; 26.4;  24.1;  46.2; 50.3;  42.9;  734.6;  776.2;    1.1;    2.9;   24.6;   0.0;  13.1;   1.8
29/09/20;11:00:00;  27.0; 27.8;  26.1;  40.9; 45.2;  38.2;  787.0;  802.0;    1.3;    3.5;   45.9;   0.0;  12.5;   2.1
29/09/20;12:00:00;  27.7; 28.5;  27.2;  35.7; 39.4;  32.7;  790.7;  802.0;    2.0;    5.3;   47.1;   0.0;  11.2;   2.4
29/09/20;13:00:00;  27.9; 29.2;  27.2;  34.9; 37.8;  32.2;  709.3;  769.5;    1.9;    4.7;   55.4;   0.0;  11.0;   2.5
29/09/20;14:00:00;  27.4; 28.1;  26.8;  36.7; 39.1;  34.3;  570.1;  627.6;    2.0;    4.7;   51.8;   0.0;  11.3;   2.3
29/09/20;15:00:00;  26.8; 27.4;  26.3;  39.8; 41.2;  38.0;  411.8;  507.3;    1.6;    5.0;   76.9;   0.0;  12.1;   2.1
29/09/20;16:00:00;  25.8; 26.6;  24.9;  41.7; 43.8;  39.9;  205.3;  316.0;    1.3;    4.1;   90.9;   0.0;  11.8;   1.9
29/09/20;17:00:00;  23.7; 25.1;  22.6;  48.9; 54.4;  43.5;   36.0;  111.8;    1.3;    3.1;   75.3;   0.0;  12.3;   1.5
29/09/20;18:00:00;  21.9; 22.7;  21.3;  57.6; 61.0;  54.4;    0.0;    0.0;    0.6;    2.0;   80.1;   0.0;  13.2;   1.1
29/09/20;19:00:00;  20.5; 21.3;  19.4;  63.8; 67.8;  60.7;    0.0;    0.0;    0.5;    1.4;  160.0;   0.0;  13.4;   0.9
29/09/20;20:00:00;  18.8; 19.5;  18.3;  70.8; 73.6;  67.7;    0.0;    0.0;    0.5;    1.2;  196.0;   0.0;  13.4;   0.6
29/09/20;21:00:00;  18.3; 18.6;  17.9;  74.5; 76.2;  73.3;    0.0;    0.0;    0.4;    1.2;  191.4;   0.0;  13.7;   0.5
29/09/20;22:00:00;  17.5; 18.0;  16.9;  77.9; 79.8;  76.1;    0.0;    0.0;    0.3;    1.1;  189.4;   0.0;  13.6;   0.4
29/09/20;23:00:00;  17.0; 17.3;  16.8;  80.3; 81.2;  79.7;    0.0;    0.0;    0.4;    1.2;  192.2;   0.0;  13.6;   0.4
30/09/20;00:00:00;  16.6; 16.9;  16.4;  82.0; 82.8;  80.9;    0.0;    0.0;    0.2;    1.0;  188.9;   0.0;  13.5;   0.3
30/09/20;01:00:00;  15.9; 16.8;  15.1;  82.5; 84.7;  81.5;    0.0;    0.0;    0.1;    0.9;  171.4;   0.0;  12.9;   0.3
30/09/20;02:00:00;  15.1; 15.4;  14.7;  85.3; 86.5;  84.2;    0.0;    0.0;    0.1;    0.9;  182.4;   0.0;  12.6;   0.3
30/09/20;03:00:00;  14.6; 15.3;  14.0;  85.9; 87.0;  85.0;    0.0;    0.0;    0.0;    0.5;  183.2;   0.0;  12.3;   0.2
30/09/20;04:00:00;  14.1; 14.5;  13.7;  87.2; 87.9;  86.2;    0.0;    0.0;    0.1;    0.7;  179.7;   0.0;  12.1;   0.2
30/09/20;05:00:00;  13.5; 13.8;  13.2;  87.6; 88.2;  86.8;    0.2;    4.3;    0.1;    1.0;  168.1;   0.0;  11.5;   0.2
30/09/20;06:00:00;  14.3; 15.4;  13.7;  87.6; 88.1;  85.8;   50.2;  170.0;    0.1;    0.6;  195.4;   0.0;  12.3;   0.2
30/09/20;07:00:00;  17.0; 18.7;  15.2;  78.7; 86.1;  69.6;  228.5;  413.2;    0.2;    1.0;    0.2;   0.0;  13.2;   0.4
30/09/20;08:00:00;  19.8; 21.5;  18.1;  65.7; 72.4;  59.0;  388.8;  632.5;    0.4;    1.4;  341.0;   0.0;  13.2;   0.8
30/09/20;09:00:00;  22.0; 23.1;  21.0;  58.1; 60.3;  54.2;  477.2;  705.4;    0.5;    2.1;  358.5;   0.0;  13.4;   1.1
30/09/20;10:00:00;  24.7; 26.1;  22.6;  49.9; 56.2;  45.1;  594.3;  806.0;    0.6;    2.0;   16.3;   0.0;  13.5;   1.6
30/09/20;11:00:00;  26.0; 27.6;  25.0;  42.0; 48.0;  34.8;  553.0;  797.7;    0.7;    2.2;  117.4;   0.0;  12.1;   2.0
30/09/20;12:00:00;  26.6; 28.1;  25.8;  37.5; 40.8;  33.3;  352.4;  782.6;    1.0;    3.6;  163.5;   0.0;  10.9;   2.2
30/09/20;13:00:00;  25.8; 26.5;  25.5;  42.0; 44.6;  39.9;  218.1;  421.5;    1.0;    2.8;  168.3;   0.0;  12.0;   1.9
30/09/20;14:00:00;  26.4; 26.8;  26.1;  44.7; 46.1;  42.6;  292.8;  376.3;    1.0;    3.2;  155.7;   0.0;  13.4;   1.9
30/09/20;15:00:00;  26.7; 27.2;  26.2;  44.4; 46.0;  42.7;  248.8;  393.5;    1.0;    3.7;  159.1;   0.0;  13.6;   1.9
30/09/20;16:00:00;  25.5; 26.3;  24.8;  47.9; 50.3;  45.6;   95.5;  144.1;    1.3;    4.1;  174.0;   0.0;  13.7;   1.7
30/09/20;17:00:00;  24.2; 24.9;  23.7;  53.4; 54.9;  50.2;   13.0;   40.9;    1.4;    4.2;  177.1;   0.0;  14.1;   1.4
30/09/20;18:00:00;  23.4; 23.9;  23.0;  55.1; 56.7;  53.9;    0.0;    0.0;    0.7;    2.4;  201.6;   0.0;  13.9;   1.3
30/09/20;19:00:00;  22.2; 23.1;  21.3;  60.3; 63.9;  56.5;    0.0;    0.0;    0.2;    0.6;  180.9;   0.0;  14.1;   1.1
30/09/20;20:00:00;  20.4; 21.4;  19.7;  67.2; 70.0;  63.9;    0.0;    0.0;    0.2;    1.1;  163.5;   0.0;  14.1;   0.8
30/09/20;21:00:00;  19.8; 20.2;  19.2;  69.4; 71.5;  68.0;    0.0;    0.0;    0.3;    1.1;  197.2;   0.0;  14.0;   0.7
30/09/20;22:00:00;  19.2; 19.5;  19.0;  72.2; 73.1;  71.5;    0.0;    0.0;    0.3;    1.4;  178.5;   0.0;  14.1;   0.6
30/09/20;23:00:00;  19.1; 19.5;  18.5;  73.6; 75.4;  71.9;    0.0;    0.0;    0.4;    1.3;  190.1;   0.0;  14.2;   0.6
01/10/20;00:00:00;  18.4; 18.7;  18.1;  75.9; 76.9;  74.6;    0.0;    0.0;    0.2;    1.1;  188.7;   0.0;  14.1;   0.5
01/10/20;01:00:00;  18.1; 18.6;  17.7;  76.8; 78.4;  75.5;    0.0;    0.0;    0.2;    0.8;  192.9;   0.0;  14.0;   0.5
01/10/20;02:00:00;  17.9; 19.3;  17.1;  79.2; 81.0;  75.3;    0.0;    0.0;    0.5;    1.8;  197.6;   0.0;  14.2;   0.4
01/10/20;03:00:00;  18.3; 19.4;  17.4;  78.1; 82.3;  74.4;    0.0;    0.0;    0.1;    1.2;  139.8;   0.0;  14.4;   0.5
01/10/20;04:00:00;  16.9; 17.5;  16.4;  83.1; 84.5;  81.3;    0.0;    0.0;    0.2;    0.9;  169.9;   0.0;  14.0;   0.3
01/10/20;05:00:00;  16.1; 16.6;  15.2;  84.2; 85.3;  83.1;    0.0;    0.0;    0.2;    1.2;  168.4;   0.0;  13.4;   0.3
01/10/20;06:00:00;  15.9; 17.0;  15.2;  85.5; 86.2;  83.6;   44.9;  139.9;    0.2;    1.1;  190.7;   0.0;  13.5;   0.3
01/10/20;07:00:00;  19.6; 21.8;  17.0;  72.4; 83.7;  59.9;  252.0;  361.5;    0.2;    1.1;    9.5;   0.0;  14.5;   0.6
01/10/20;08:00:00;  22.6; 24.2;  21.7;  55.9; 63.5;  46.5;  410.6;  634.4;    0.4;    1.4;  335.4;   0.0;  13.3;   1.2
01/10/20;09:00:00;  25.8; 28.2;  24.3;  38.8; 47.2;  29.4;  468.3;  692.5;    0.5;    1.8;  293.2;   0.0;  10.6;   2.0
01/10/20;10:00:00;  29.3; 30.2;  28.0;  26.0; 31.0;  23.1;  701.9;  754.6;    0.6;    1.9;  322.1;   0.0;   7.8;   3.0
01/10/20;11:00:00;  31.0; 32.7;  29.5;  22.4; 25.1;  19.5;  761.0;  773.8;    0.7;    2.3;   61.2;   0.0;   7.0;   3.5
01/10/20;12:00:00;  33.3; 34.3;  32.2;  18.0; 21.3;  15.6;  752.7;  773.8;    0.9;    2.7;  324.3;   0.0;   5.8;   4.2
01/10/20;13:00:00;  33.3; 34.3;  32.5;  15.7; 18.6;  14.5;  684.5;  728.4;    1.1;    3.5;  195.0;   0.0;   3.8;   4.3
01/10/20;14:00:00;  32.1; 33.0;  31.0;  20.6; 23.3;  16.8;  553.6;  627.4;    2.1;    5.1;  172.6;   0.0;   6.7;   3.8
01/10/20;15:00:00;  30.9; 31.7;  30.1;  23.2; 26.1;  19.5;  370.3;  481.3;    2.3;    5.4;  180.2;   0.0;   7.5;   3.4
01/10/20;16:00:00;  29.3; 30.2;  28.3;  26.0; 27.2;  24.3;  149.1;  296.6;    2.2;    6.1;  180.3;   0.0;   7.8;   3.0
01/10/20;17:00:00;  27.8; 28.5;  27.3;  27.0; 28.6;  25.5;   18.9;   55.9;    2.5;    6.7;  187.5;   0.0;   7.1;   2.7
01/10/20;18:00:00;  27.3; 27.7;  26.0;  25.5; 28.9;  24.0;    0.0;    0.0;    1.2;    4.0;  210.8;   0.0;   5.8;   2.7
01/10/20;19:00:00;  24.1; 26.1;  23.1;  33.5; 35.9;  28.8;    0.0;    0.0;    0.4;    1.8;  166.4;   0.0;   7.0;   2.0
01/10/20;20:00:00;  22.5; 23.7;  21.2;  36.8; 39.5;  33.9;    0.0;    0.0;    0.5;    1.9;  191.0;   0.0;   7.0;   1.7
01/10/20;21:00:00;  20.8; 21.5;  20.1;  39.9; 41.7;  37.6;    0.0;    0.0;    0.4;    1.8;  192.8;   0.0;   6.7;   1.5
01/10/20;22:00:00;  21.8; 23.0;  19.9;  34.6; 41.5;  30.7;    0.0;    0.0;    0.6;    1.9;  195.3;   0.0;   5.4;   1.7
01/10/20;23:00:00;  21.7; 22.7;  20.9;  32.2; 33.8;  30.3;    0.0;    0.0;    0.7;    2.0;  186.1;   0.0;   4.4;   1.8
02/10/20;00:00:00;  21.1; 22.0;  20.0;  34.7; 38.2;  32.4;    0.0;    0.0;    0.6;    2.0;  193.5;   0.0;   4.9;   1.6
02/10/20;01:00:00;  19.9; 20.5;  19.2;  39.6; 42.7;  37.3;    0.0;    0.0;    0.6;    1.6;  190.0;   0.0;   5.7;   1.4
02/10/20;02:00:00;  19.0; 20.2;  17.9;  43.8; 47.7;  39.6;    0.0;    0.0;    0.5;    1.9;  202.4;   0.0;   6.4;   1.2
02/10/20;03:00:00;  18.4; 19.3;  17.6;  47.0; 49.9;  43.5;    0.0;    0.0;    0.5;    2.1;  182.6;   0.0;   6.8;   1.1
02/10/20;04:00:00;  17.8; 18.3;  17.4;  51.2; 53.5;  48.3;    0.0;    0.0;    0.3;    1.1;  178.8;   0.0;   7.6;   1.0
02/10/20;05:00:00;  20.6; 22.3;  17.8;  44.5; 52.5;  39.2;    0.2;    2.2;    0.8;    2.5;  200.5;   0.0;   8.1;   1.4
02/10/20;06:00:00;  21.8; 22.9;  20.7;  39.6; 43.6;  34.8;   19.2;   66.7;    0.7;    3.1;  209.0;   0.0;   7.5;   1.6
02/10/20;07:00:00;  24.0; 24.8;  22.3;  32.4; 36.9;  30.4;  164.6;  327.0;    0.8;    4.0;  244.3;   0.0;   6.5;   2.0
02/10/20;08:00:00;  24.5; 25.1;  24.0;  31.4; 32.6;  29.9;  143.2;  249.5;    1.7;    5.6;  245.5;   0.0;   6.5;   2.1
02/10/20;09:00:00;  25.5; 25.8;  25.0;  29.5; 30.6;  28.8;  232.1;  331.2;    1.7;    5.5;  248.1;   0.0;   6.5;   2.3
02/10/20;10:00:00;  25.3; 25.6;  25.0;  30.5; 34.0;  29.7;  146.0;  232.3;    1.9;    5.8;  237.9;   0.0;   6.7;   2.2
02/10/20;11:00:00;  24.2; 25.5;  22.6;  38.2; 48.7;  31.7;  248.8;  318.3;    2.1;    5.9;  205.4;   0.0;   9.0;   1.9
02/10/20;12:00:00;  26.6; 27.9;  25.4;  30.0; 33.1;  28.0;  303.0;  565.6;    2.0;    6.2;  230.9;   0.0;   7.6;   2.4
02/10/20;13:00:00;  29.2; 30.0;  27.8;  26.2; 28.8;  24.5;  637.0;  875.0;    2.5;    6.3;  253.4;   0.0;   7.9;   3.0
02/10/20;14:00:00;  28.5; 28.9;  27.9;  27.9; 28.9;  27.1;  411.6;  548.2;    2.6;    7.6;  234.6;   0.0;   8.1;   2.8
02/10/20;15:00:00;  27.4; 28.9;  18.1;  31.3; 57.7;  27.2;  232.7;  442.9;    3.1;    9.2;  257.4;   0.0;   8.6;   2.6
02/10/20;16:00:00;  15.1; 18.1;  14.1;  69.8; 76.3;  57.9;   20.4;   49.5;    1.8;    8.1;  286.2;   0.3;   9.6;   0.5
02/10/20;17:00:00;  14.3; 14.8;  13.9;  65.8; 70.6;  60.9;    8.8;   25.8;    0.6;    4.8;  261.8;   0.2;   8.0;   0.6
02/10/20;18:00:00;  15.4; 16.5;  14.2;  63.6; 71.2;  56.6;    0.0;    0.0;    1.2;    4.9;  220.8;   0.0;   8.5;   0.6
02/10/20;19:00:00;  16.6; 16.8;  16.1;  55.8; 60.3;  53.7;    0.0;    0.0;    1.4;    4.2;  266.6;   0.0;   7.7;   0.8
02/10/20;20:00:00;  16.6; 17.0;  16.3;  52.7; 55.7;  47.5;    0.0;    0.0;    0.9;    3.3;  271.0;   0.0;   6.9;   0.9
02/10/20;21:00:00;  17.1; 17.6;  16.3;  42.6; 49.4;  39.5;    0.0;    0.0;    0.9;    4.8;  277.4;   0.0;   4.3;   1.1
02/10/20;22:00:00;  16.4; 17.1;  15.4;  42.9; 46.9;  40.5;    0.0;    0.0;    0.7;    2.3;  217.4;   0.0;   3.7;   1.1
02/10/20;23:00:00;  16.7; 17.3;  15.9;  39.4; 42.5;  36.9;    0.0;    0.0;    0.9;    3.9;  205.7;   0.0;   2.8;   1.2
03/10/20;00:00:00;  14.8; 16.0;  13.3;  47.5; 53.6;  41.8;    0.0;    0.0;    0.5;    1.6;  193.6;   0.0;   3.7;   0.9
03/10/20;01:00:00;  12.8; 13.4;  12.2;  56.7; 59.5;  53.1;    0.0;    0.0;    0.7;    1.5;  198.3;   0.0;   4.4;   0.6
03/10/20;02:00:00;  12.1; 13.0;  11.5;  59.4; 62.7;  55.6;    0.0;    0.0;    0.5;    1.6;  188.2;   0.0;   4.5;   0.6
03/10/20;03:00:00;  11.0; 11.8;  10.2;  64.3; 68.5;  60.9;    0.0;    0.0;    0.5;    1.5;  183.8;   0.0;   4.5;   0.5
03/10/20;04:00:00;  11.5; 12.8;  10.8;  60.3; 64.8;  52.1;    0.0;    0.0;    0.9;    1.9;  192.5;   0.0;   4.0;   0.5
03/10/20;05:00:00;  12.8; 13.1;  12.5;  50.1; 53.2;  48.4;    0.0;    0.0;    0.8;    1.7;  190.3;   0.0;   2.7;   0.7
03/10/20;06:00:00;  13.6; 15.0;  12.8;  45.2; 48.8;  40.2;   41.5;  144.2;    0.8;    3.8;  216.9;   0.0;   1.9;   0.9
03/10/20;07:00:00;  15.9; 16.9;  14.8;  38.4; 41.7;  34.5;  252.4;  361.5;    1.2;    3.8;  253.0;   0.0;   1.7;   1.1
03/10/20;08:00:00;  18.0; 18.9;  16.8;  32.8; 36.6;  30.0;  459.8;  555.1;    1.5;    4.3;  284.1;   0.0;   1.4;   1.4
03/10/20;09:00:00;  19.4; 20.3;  18.6;  29.3; 31.9;  26.8;  632.7;  703.4;    2.0;    5.9;  291.3;   0.0;   1.1;   1.6
03/10/20;10:00:00;  21.2; 22.5;  20.1;  26.0; 29.0;  23.1;  752.5;  795.9;    1.8;    5.4;  312.0;   0.0;   0.9;   1.9
03/10/20;11:00:00;  22.6; 23.6;  21.6;  24.0; 26.2;  22.4;  811.1;  821.0;    1.6;    4.6;  302.4;   0.0;   1.0;   2.1
03/10/20;12:00:00;  23.8; 24.5;  23.2;  20.7; 24.4;  18.0;  801.0;  817.0;    1.6;    4.7;  309.2;   0.0;   0.0;   2.3
03/10/20;13:00:00;  24.3; 25.2;  23.2;  18.3; 21.2;  15.7;  726.6;  772.0;    1.5;    4.7;  284.9;   0.0;  -1.3;   2.5
03/10/20;14:00:00;  24.8; 25.2;  24.5;  16.4; 17.8;  15.1;  592.4;  668.7;    1.2;    4.4;  337.1;   0.0;  -2.3;   2.6
03/10/20;15:00:00;  24.6; 25.4;  23.9;  16.6; 18.9;  15.0;  409.6;  507.4;    1.2;    3.4;  358.9;   0.0;  -2.4;   2.6
03/10/20;16:00:00;  23.4; 24.3;  22.3;  19.7; 21.9;  17.3;  185.2;  305.3;    0.9;    3.3;  330.6;   0.0;  -1.1;   2.3
03/10/20;17:00:00;  21.0; 22.7;  18.9;  24.1; 29.0;  20.6;   25.1;   96.8;    0.3;    1.4;  309.0;   0.0;  -0.4;   1.9
03/10/20;18:00:00;  17.9; 18.9;  17.2;  30.8; 32.9;  29.1;    0.0;    0.0;    0.9;    2.1;  187.0;   0.0;   0.4;   1.4
03/10/20;19:00:00;  16.2; 17.2;  15.1;  35.8; 40.4;  32.6;    0.0;    0.0;    0.6;    1.7;  191.3;   0.0;   1.1;   1.2
03/10/20;20:00:00;  14.8; 15.2;  14.3;  42.6; 45.1;  40.4;    0.0;    0.0;    0.3;    1.1;  199.9;   0.0;   2.3;   1.0
03/10/20;21:00:00;  13.9; 14.5;  13.4;  46.8; 48.5;  45.0;    0.0;    0.0;    0.4;    1.2;  182.7;   0.0;   2.8;   0.8
03/10/20;22:00:00;  13.8; 14.2;  13.5;  47.0; 48.0;  45.3;    0.0;    0.0;    0.5;    1.3;  194.2;   0.0;   2.7;   0.8
03/10/20;23:00:00;  13.1; 14.2;  12.2;  48.2; 51.1;  44.6;    0.0;    0.0;    0.2;    1.3;  182.4;   0.0;   2.4;   0.8
04/10/20;00:00:00;  12.0; 12.5;  11.4;  51.4; 53.6;  50.0;    0.0;    0.0;    0.3;    1.1;  191.5;   0.0;   2.3;   0.7
04/10/20;01:00:00;  11.7; 12.3;  10.9;  53.1; 55.8;  50.9;    0.0;    0.0;    0.6;    1.5;  184.8;   0.0;   2.4;   0.6
04/10/20;02:00:00;  10.4; 11.4;   9.6;  58.8; 62.1;  54.3;    0.0;    0.0;    0.2;    1.3;  187.5;   0.0;   2.6;   0.5
04/10/20;03:00:00;   9.3; 10.5;   8.7;  63.1; 65.9;  58.1;    0.0;    0.0;    0.1;    0.6;   79.3;   0.0;   2.6;   0.4
04/10/20;04:00:00;   9.1; 10.3;   7.9;  63.8; 69.3;  57.4;    0.0;    0.0;    0.2;    1.3;  274.7;   0.0;   2.5;   0.4
04/10/20;05:00:00;   8.8;  9.8;   8.0;  65.1; 69.1;  59.9;    0.0;    2.2;    0.3;    1.1;  139.7;   0.0;   2.6;   0.4
04/10/20;06:00:00;   9.1; 11.0;   8.2;  63.1; 66.2;  57.8;   39.6;  137.8;    0.2;    0.9;  174.0;   0.0;   2.5;   0.4
04/10/20;07:00:00;  13.5; 15.1;  11.0;  50.7; 57.8;  43.0;  244.4;  348.7;    0.3;    1.2;  356.5;   0.0;   3.5;   0.8
04/10/20;08:00:00;  16.6; 18.0;  14.8;  38.9; 44.9;  34.3;  448.3;  557.3;    0.3;    1.3;   10.6;   0.0;   2.5;   1.2
04/10/20;09:00:00;  19.5; 20.8;  17.7;  31.5; 35.4;  28.3;  557.6;  735.7;    0.5;    2.1;  308.8;   0.0;   2.1;   1.6
04/10/20;10:00:00;  21.4; 23.3;  19.9;  28.3; 31.2;  24.4;  720.1;  804.0;    0.7;    2.4;  226.6;   0.0;   2.3;   1.8
04/10/20;11:00:00;  23.3; 24.5;  22.0;  23.5; 26.4;  21.6;  719.6;  869.0;    0.9;    2.7;  250.4;   0.0;   1.3;   2.2
04/10/20;12:00:00;  25.8; 27.5;  23.7;  20.6; 23.6;  18.0;  760.7;  888.0;    0.7;    2.7;  283.7;   0.0;   1.6;   2.6
04/10/20;13:00:00;  26.5; 27.2;  25.9;  19.1; 20.4;  18.2;  712.9;  759.0;    1.2;    3.6;  248.1;   0.0;   1.1;   2.8
04/10/20;14:00:00;  26.9; 27.9;  26.0;  19.0; 20.2;  17.7;  555.4;  780.3;    1.0;    3.4;  249.6;   0.0;   1.3;   2.9
04/10/20;15:00:00;  26.6; 28.2;  25.5;  22.7; 26.9;  17.1;  406.0;  505.1;    1.5;    3.9;  196.5;   0.0;   3.6;   2.7
04/10/20;16:00:00;  25.1; 25.6;  24.7;  27.3; 28.1;  26.5;  220.1;  301.0;    1.5;    4.9;  197.5;   0.0;   5.0;   2.3
04/10/20;17:00:00;  24.2; 25.6;  22.8;  28.8; 31.6;  26.1;   33.9;  137.6;    0.7;    2.4;  248.1;   0.0;   4.9;   2.2
04/10/20;18:00:00;  21.4; 23.0;  20.2;  35.5; 38.5;  31.5;    0.0;    0.0;    0.2;    1.0;  182.2;   0.0;   5.5;   1.7
04/10/20;19:00:00;  19.9; 20.5;  19.2;  39.0; 41.0;  36.5;    0.0;    0.0;    0.4;    1.4;  186.2;   0.0;   5.5;   1.4
04/10/20;20:00:00;  20.3; 20.9;  18.9;  36.9; 41.5;  34.6;    0.0;    0.0;    0.4;    1.7;  220.3;   0.0;   5.0;   1.5
04/10/20;21:00:00;  18.6; 19.1;  18.2;  42.1; 43.5;  41.2;    0.0;    0.0;    0.5;    1.4;  186.3;   0.0;   5.5;   1.2
04/10/20;22:00:00;  18.4; 18.7;  18.1;  45.5; 48.5;  43.3;    0.0;    0.0;    0.4;    1.3;  192.0;   0.0;   6.5;   1.2
04/10/20;23:00:00;  18.0; 18.4;  17.6;  49.9; 51.3;  48.2;    0.0;    0.0;    0.5;    1.5;  186.2;   0.0;   7.4;   1.0
05/10/20;00:00:00;  17.6; 18.4;  17.0;  52.4; 54.3;  49.8;    0.0;    0.0;    0.5;    1.4;  188.5;   0.0;   7.8;   1.0
05/10/20;01:00:00;  16.5; 17.4;  16.0;  56.5; 58.0;  53.3;    0.0;    0.0;    0.4;    1.3;  178.5;   0.0;   7.8;   0.8
05/10/20;02:00:00;  16.1; 16.3;  15.8;  57.7; 58.6;  56.9;    0.0;    0.0;    0.3;    1.2;  183.1;   0.0;   7.8;   0.8
05/10/20;03:00:00;  14.9; 15.9;  14.2;  62.0; 64.8;  58.5;    0.0;    0.0;    0.3;    1.1;  187.5;   0.0;   7.7;   0.6
05/10/20;04:00:00;  14.0; 14.4;  13.6;  65.1; 66.7;  63.3;    0.0;    0.0;    0.4;    1.4;  190.0;   0.0;   7.6;   0.6
05/10/20;05:00:00;  13.9; 14.8;  13.4;  64.9; 67.3;  60.0;    0.0;    2.2;    0.3;    1.0;  191.1;   0.0;   7.4;   0.6
05/10/20;06:00:00;  13.6; 15.1;  13.0;  66.8; 69.8;  60.2;   35.8;  127.0;    0.2;    0.9;  255.2;   0.0;   7.6;   0.5
05/10/20;07:00:00;  17.9; 20.0;  15.1;  50.5; 61.8;  42.1;  231.1;  335.6;    0.3;    1.9;  211.9;   0.0;   7.4;   1.0
05/10/20;08:00:00;  21.0; 22.1;  19.6;  36.9; 42.8;  31.5;  432.1;  524.9;    0.9;    3.7;  298.0;   0.0;   5.7;   1.6
05/10/20;09:00:00;  22.5; 23.6;  21.7;  30.8; 33.0;  28.5;  601.7;  662.3;    1.5;    3.8;  341.2;   0.0;   4.4;   1.9
05/10/20;10:00:00;  24.0; 25.0;  23.0;  27.2; 30.0;  24.4;  711.8;  754.8;    1.2;    3.8;  346.6;   0.0;   4.0;   2.2
05/10/20;11:00:00;  25.1; 25.9;  24.5;  24.3; 25.7;  22.7;  768.0;  813.0;    1.5;    4.1;  358.3;   0.0;   3.2;   2.4
05/10/20;12:00:00;  25.4; 26.2;  24.8;  23.8; 25.1;  22.6;  727.2;  797.7;    1.1;    3.7;  317.8;   0.0;   3.3;   2.5
05/10/20;13:00:00;  25.7; 26.6;  24.6;  23.2; 25.4;  21.4;  632.9;  733.2;    1.3;    4.3;  320.7;   0.0;   3.1;   2.5
05/10/20;14:00:00;  25.9; 26.5;  25.4;  22.1; 23.9;  20.0;  467.6;  591.3;    1.2;    3.6;  353.2;   0.0;   2.7;   2.6
05/10/20;15:00:00;  26.5; 27.5;  25.7;  20.1; 21.2;  18.8;  382.7;  535.4;    1.1;    3.7;  347.1;   0.0;   1.7;   2.8
05/10/20;16:00:00;  25.2; 26.3;  24.0;  21.5; 22.9;  19.9;  156.7;  307.4;    1.1;    3.3;  350.7;   0.0;   1.7;   2.5
05/10/20;17:00:00;  22.8; 24.1;  21.7;  24.2; 25.9;  22.3;   15.8;   58.1;    0.4;    3.0;   21.2;   0.0;   1.3;   2.1
05/10/20;18:00:00;  19.7; 22.0;  18.4;  29.4; 31.8;  24.9;    0.0;    0.0;    0.5;    1.2;  191.1;   0.0;   1.3;   1.6
05/10/20;19:00:00;  18.2; 19.2;  17.0;  33.3; 39.0;  29.8;    0.0;    0.0;    0.5;    1.4;  176.0;   0.0;   1.7;   1.4
05/10/20;20:00:00;  17.3; 18.1;  16.2;  39.2; 42.6;  36.9;    0.0;    0.0;    0.6;    1.5;  179.0;   0.0;   3.3;   1.2
05/10/20;21:00:00;  15.9; 16.5;  15.1;  44.6; 48.4;  42.6;    0.0;    0.0;    0.4;    1.4;  196.4;   0.0;   3.9;   1.0
05/10/20;22:00:00;  15.1; 15.7;  14.3;  50.0; 52.9;  48.0;    0.0;    0.0;    0.2;    0.9;  185.2;   0.0;   4.8;   0.9
05/10/20;23:00:00;  14.0; 14.4;  13.5;  54.5; 56.1;  52.9;    0.0;    0.0;    0.2;    0.9;  181.2;   0.0;   5.0;   0.7
06/10/20;00:00:00;  13.4; 13.9;  12.9;  57.1; 59.0;  55.5;    0.0;    0.0;    0.4;    1.1;  179.4;   0.0;   5.1;   0.7
06/10/20;01:00:00;  13.1; 13.4;  12.8;  55.8; 57.6;  54.0;    0.0;    0.0;    0.5;    1.2;  185.7;   0.0;   4.5;   0.7
06/10/20;02:00:00;  14.0; 15.0;  12.8;  58.1; 62.3;  54.4;    0.0;    0.0;    0.6;    1.9;  188.4;   0.0;   5.9;   0.7
06/10/20;03:00:00;  13.2; 14.4;  12.7;  59.8; 63.8;  54.8;    0.0;    0.0;    0.7;    2.0;  195.3;   0.0;   5.6;   0.6
06/10/20;04:00:00;  12.0; 12.8;  11.6;  60.3; 62.2;  57.2;    0.0;    0.0;    0.2;    0.9;  187.7;   0.0;   4.6;   0.6
06/10/20;05:00:00;  11.7; 12.0;  11.1;  61.8; 64.6;  59.2;    0.0;    0.0;    0.3;    1.1;  192.6;   0.0;   4.6;   0.5
06/10/20;06:00:00;  11.7; 13.0;  11.1;  61.7; 63.9;  59.5;   34.3;  124.9;    0.1;    0.5;  188.2;   0.0;   4.6;   0.5
06/10/20;07:00:00;  15.9; 17.9;  12.9;  50.1; 60.0;  43.1;  227.4;  331.4;    0.2;    1.4;  283.6;   0.0;   5.5;   0.9
06/10/20;08:00:00;  18.6; 20.0;  17.8;  40.8; 43.9;  36.2;  426.0;  514.1;    0.6;    1.6;  272.6;   0.0;   5.0;   1.3
06/10/20;09:00:00;  22.1; 23.4;  19.9;  31.2; 37.4;  27.9;  591.6;  658.1;    0.7;    1.9;  305.8;   0.0;   4.3;   1.8
06/10/20;10:00:00;  24.4; 25.8;  23.0;  26.7; 29.0;  24.1;  705.4;  739.8;    0.7;    2.1;  279.3;   0.0;   4.1;   2.2
06/10/20;11:00:00;  27.1; 28.5;  25.5;  21.4; 25.3;  18.5;  755.5;  763.3;    0.9;    4.0;  292.2;   0.0;   3.1;   2.8
06/10/20;12:00:00;  28.7; 29.6;  27.7;  19.1; 20.9;  17.5;  744.6;  759.0;    0.9;    4.2;  321.0;   0.0;   2.8;   3.2
06/10/20;13:00:00;  29.2; 30.1;  28.3;  18.8; 20.6;  17.4;  678.3;  726.5;    1.2;    3.2;  296.0;   0.0;   3.1;   3.3
06/10/20;14:00:00;  29.9; 30.6;  29.0;  18.2; 19.2;  17.1;  549.7;  621.2;    0.8;    2.6;  284.3;   0.0;   3.2;   3.5
06/10/20;15:00:00;  30.4; 31.3;  29.5;  17.5; 18.5;  16.4;  376.0;  470.7;    0.5;    1.8;  282.4;   0.0;   3.0;   3.6
06/10/20;16:00:00;  28.3; 30.8;  25.9;  20.9; 24.8;  17.1;  149.2;  272.9;    1.2;    3.6;  189.2;   0.0;   3.7;   3.1
06/10/20;17:00:00;  25.0; 26.1;  24.2;  27.1; 28.8;  24.7;   21.6;   77.4;    1.3;    3.4;  191.8;   0.0;   4.8;   2.3
06/10/20;18:00:00;  23.8; 24.3;  23.6;  28.9; 29.2;  28.2;    0.0;    0.0;    1.4;    4.4;  187.1;   0.0;   4.7;   2.1
06/10/20;19:00:00;  21.9; 23.9;  20.0;  33.9; 39.0;  28.2;    0.0;    0.0;    0.2;    1.1;  153.0;   0.0;   5.2;   1.7
06/10/20;20:00:00;  19.4; 20.0;  18.5;  39.7; 42.0;  37.9;    0.0;    0.0;    0.3;    1.0;  178.3;   0.0;   5.4;   1.4
06/10/20;21:00:00;  18.1; 18.7;  17.7;  43.7; 45.1;  41.6;    0.0;    0.0;    0.4;    0.9;  186.1;   0.0;   5.5;   1.2
06/10/20;22:00:00;  17.1; 17.8;  16.7;  47.6; 49.1;  45.1;    0.0;    0.0;    0.3;    1.1;  176.9;   0.0;   5.9;   1.0
06/10/20;23:00:00;  16.6; 16.9;  16.2;  49.9; 51.5;  48.7;    0.0;    0.0;    0.5;    1.1;  188.5;   0.0;   6.1;   0.9
07/10/20;00:00:00;  16.0; 16.5;  15.5;  53.3; 55.2;  51.4;    0.0;    0.0;    0.4;    1.2;  186.4;   0.0;   6.5;   0.9
07/10/20;01:00:00;  16.8; 17.8;  15.6;  52.1; 55.3;  49.3;    0.0;    0.0;    0.5;    1.8;  197.3;   0.0;   6.9;   0.9
07/10/20;02:00:00;  15.7; 16.2;  15.2;  56.9; 58.9;  55.1;    0.0;    0.0;    0.5;    1.4;  193.5;   0.0;   7.2;   0.8
07/10/20;03:00:00;  14.9; 15.7;  14.4;  61.6; 64.4;  58.1;    0.0;    0.0;    0.1;    0.9;  187.4;   0.0;   7.6;   0.7
07/10/20;04:00:00;  14.4; 15.0;  14.0;  64.8; 66.4;  62.6;    0.0;    0.0;    0.2;    0.9;  185.5;   0.0;   7.9;   0.6
07/10/20;05:00:00;  15.0; 15.5;  14.6;  63.0; 64.8;  60.5;    0.0;    0.0;    0.1;    1.0;  204.9;   0.0;   8.0;   0.6
07/10/20;06:00:00;  14.7; 16.6;  13.8;  65.7; 68.4;  60.3;   23.0;   51.7;    0.2;    1.0;  201.5;   0.0;   8.3;   0.6
07/10/20;07:00:00;  18.5; 22.4;  15.5;  54.7; 63.2;  42.0;  136.7;  247.5;    0.2;    1.3;  250.5;   0.0;   9.0;   1.0
07/10/20;08:00:00;  24.8; 26.0;  22.3;  34.5; 42.9;  31.3;  427.1;  524.7;    0.6;    2.5;  275.1;   0.0;   8.0;   2.1
07/10/20;09:00:00;  27.1; 28.4;  26.0;  30.2; 32.2;  28.3;  593.4;  655.8;    0.6;    2.1;  318.5;   0.0;   8.2;   2.5
07/10/20;10:00:00;  28.9; 30.0;  27.4;  28.3; 30.4;  26.6;  699.3;  743.9;    0.8;    2.4;  285.6;   0.0;   8.7;   2.9
07/10/20;11:00:00;  30.9; 32.0;  29.4;  25.5; 27.9;  23.2;  738.5;  769.5;    0.8;    2.9;  290.3;   0.0;   8.9;   3.3
07/10/20;12:00:00;  32.7; 33.4;  31.7;  20.0; 24.7;  16.2;  748.7;  765.2;    0.9;    3.8;  339.2;   0.0;   6.7;   4.0
07/10/20;13:00:00;  33.3; 34.3;  32.2;  14.9; 17.4;  12.9;  683.6;  728.5;    0.8;    3.4;  303.0;   0.0;   3.1;   4.4
07/10/20;14:00:00;  33.1; 33.9;  32.4;  13.1; 14.1;  11.4;  554.8;  629.6;    0.8;    2.2;  256.9;   0.0;   1.1;   4.4
07/10/20;15:00:00;  32.6; 33.3;  31.1;  16.8; 24.8;  12.9;  370.3;  468.4;    0.9;    3.8;  128.5;   0.0;   3.8;   4.1
07/10/20;16:00:00;  29.5; 31.2;  28.1;  27.2; 29.3;  24.6;  144.0;  266.4;    1.6;    4.8;  155.5;   0.0;   8.6;   3.0
07/10/20;17:00:00;  27.2; 28.2;  26.1;  30.8; 33.0;  29.1;   17.0;   66.6;    1.3;    4.2;  112.5;   0.0;   8.5;   2.5
07/10/20;18:00:00;  24.6; 26.2;  23.4;  37.0; 40.4;  33.0;    0.0;    0.0;    0.9;    2.9;   75.9;   0.0;   8.9;   2.0
07/10/20;19:00:00;  22.2; 23.6;  20.6;  43.8; 48.0;  40.3;    0.0;    0.0;    0.6;    2.5;  119.6;   0.0;   9.3;   1.5
07/10/20;20:00:00;  19.8; 20.7;  19.1;  50.1; 51.7;  47.8;    0.0;    0.0;    0.3;    1.0;  185.8;   0.0;   9.1;   1.2
07/10/20;21:00:00;  18.8; 19.3;  18.3;  52.4; 53.7;  51.2;    0.0;    0.0;    0.3;    0.8;  190.5;   0.0;   8.9;   1.0
07/10/20;22:00:00;  18.0; 18.5;  17.7;  54.8; 55.5;  53.4;    0.0;    0.0;    0.4;    0.9;  192.3;   0.0;   8.8;   0.9
07/10/20;23:00:00;  17.5; 18.0;  16.9;  56.6; 58.8;  54.9;    0.0;    0.0;    0.3;    1.1;  194.8;   0.0;   8.8;   0.9
08/10/20;00:00:00;  16.7; 17.4;  16.0;  60.1; 62.3;  57.6;    0.0;    0.0;    0.2;    0.7;  194.4;   0.0;   8.9;   0.8
08/10/20;01:00:00;  15.8; 16.3;  15.4;  63.5; 65.2;  61.5;    0.0;    0.0;    0.3;    0.9;  191.6;   0.0;   8.9;   0.7
08/10/20;02:00:00;  15.6; 15.9;  15.3;  64.5; 66.4;  63.2;    0.0;    0.0;    0.3;    0.9;  190.2;   0.0;   9.0;   0.6
08/10/20;03:00:00;  15.2; 15.8;  14.7;  67.1; 68.8;  65.2;    0.0;    0.0;    0.3;    1.0;  189.4;   0.0;   9.1;   0.6
08/10/20;04:00:00;  15.2; 15.6;  14.8;  67.5; 69.2;  66.3;    0.0;    0.0;    0.5;    1.4;  192.9;   0.0;   9.2;   0.6
08/10/20;05:00:00;  15.2; 15.7;  14.6;  68.2; 70.5;  66.5;    0.0;    0.0;    0.4;    1.1;  192.7;   0.0;   9.4;   0.6
08/10/20;06:00:00;  15.6; 16.1;  15.2;  67.4; 68.1;  66.5;   28.6;  139.9;    0.2;    0.8;  192.3;   0.0;   9.6;   0.6
08/10/20;07:00:00;  18.4; 20.0;  16.1;  58.6; 68.3;  52.2;  163.4;  370.1;    0.3;    1.3;  308.2;   0.0;  10.1;   0.9
08/10/20;08:00:00;  21.4; 22.9;  20.0;  48.9; 53.4;  44.8;  370.9;  604.4;    0.4;    1.4;  314.1;   0.0;  10.2;   1.3
08/10/20;09:00:00;  24.2; 25.3;  22.5;  46.1; 50.9;  42.7;  556.2;  664.5;    0.6;    1.7;  339.9;   0.0;  11.9;   1.6
08/10/20;10:00:00;  25.6; 27.1;  24.3;  48.7; 52.3;  44.9;  658.7;  856.0;    0.9;    2.6;   53.0;   0.0;  14.0;   1.7
08/10/20;11:00:00;  26.9; 28.0;  25.4;  47.4; 51.9;  43.4;  503.4;  914.0;    1.2;    3.4;   33.3;   0.0;  14.7;   1.9
08/10/20;12:00:00;  26.7; 27.9;  25.9;  47.3; 49.9;  43.8;  336.3;  935.0;    1.3;    3.6;   41.2;   0.0;  14.5;   1.8
08/10/20;13:00:00;  27.0; 27.9;  26.4;  45.7; 47.5;  41.6;  338.0;  864.0;    1.5;    4.0;   52.5;   0.0;  14.3;   1.9
08/10/20;14:00:00;  26.9; 27.9;  26.1;  46.1; 48.8;  43.3;  322.4;  670.8;    1.4;    4.6;   66.0;   0.0;  14.3;   1.9
08/10/20;15:00:00;  26.8; 27.5;  26.0;  46.1; 49.2;  43.3;  346.6;  449.3;    1.9;    4.5;   56.5;   0.0;  14.3;   1.9
08/10/20;16:00:00;  25.5; 26.3;  24.2;  49.1; 52.8;  47.1;  131.8;  262.3;    1.2;    4.2;  109.5;   0.0;  14.0;   1.7
08/10/20;17:00:00;  23.3; 24.2;  22.6;  57.6; 61.9;  52.7;    6.6;   17.2;    0.9;    4.1;  115.7;   0.0;  14.5;   1.2
08/10/20;18:00:00;  22.1; 22.7;  21.3;  65.6; 69.3;  61.6;    0.0;    0.0;    1.0;    3.7;   88.3;   0.0;  15.4;   0.9
08/10/20;19:00:00;  21.0; 21.5;  20.5;  71.6; 73.4;  68.9;    0.0;    0.0;    0.6;    3.2;   45.4;   0.0;  15.6;   0.7
08/10/20;20:00:00;  20.0; 21.1;  18.8;  76.3; 81.1;  72.6;    0.0;    0.0;    0.1;    0.9;   54.8;   0.0;  15.7;   0.6
08/10/20;21:00:00;  18.5; 18.9;  18.2;  81.3; 82.2;  80.5;    0.0;    0.0;    0.3;    1.0;  177.6;   0.0;  15.3;   0.4
08/10/20;22:00:00;  18.1; 18.6;  17.9;  81.9; 82.8;  81.0;    0.0;    0.0;    0.4;    1.0;  191.6;   0.0;  15.0;   0.4
08/10/20;23:00:00;  17.8; 18.3;  17.5;  82.8; 83.4;  82.1;    0.0;    0.0;    0.2;    0.9;  196.7;   0.0;  14.9;   0.4
09/10/20;00:00:00;  18.1; 18.4;  17.8;  81.8; 82.4;  81.0;    0.0;    0.0;    0.2;    1.0;  170.1;   0.0;  15.0;   0.4
09/10/20;01:00:00;  18.0; 18.5;  17.7;  82.3; 83.2;  81.6;    0.0;    0.0;    0.1;    1.0;  195.1;   0.0;  15.0;   0.4
09/10/20;02:00:00;  18.1; 18.6;  17.7;  81.9; 83.1;  80.8;    0.0;    0.0;    0.1;    0.6;  197.8;   0.0;  14.9;   0.4
09/10/20;03:00:00;  17.7; 18.0;  17.5;  83.2; 83.8;  82.4;    0.0;    0.0;    0.0;    0.6;   94.7;   0.0;  14.9;   0.3
09/10/20;04:00:00;  17.6; 17.9;  17.3;  82.3; 83.2;  80.8;    0.0;    0.0;    0.1;    1.0;    7.0;   0.0;  14.5;   0.4
09/10/20;05:00:00;  17.1; 17.6;  16.7;  82.3; 83.0;  81.4;    0.0;    2.2;    0.0;    0.3;   72.9;   0.0;  14.1;   0.3
09/10/20;06:00:00;  17.1; 17.8;  16.7;  82.4; 83.5;  81.3;   30.4;  127.0;    0.0;    0.3;  308.7;   0.0;  14.1;   0.3
09/10/20;07:00:00;  18.7; 20.1;  17.7;  77.0; 81.5;  71.2;  158.1;  335.6;    0.2;    0.9;    6.7;   0.0;  14.6;   0.5
09/10/20;08:00:00;  21.3; 22.0;  20.0;  64.9; 71.7;  61.8;  364.4;  458.2;    0.3;    1.2;  311.2;   0.0;  14.5;   0.9
09/10/20;09:00:00;  22.8; 24.1;  21.6;  60.1; 64.0;  56.1;  499.8;  647.2;    0.6;    2.0;   59.2;   0.0;  14.6;   1.1
09/10/20;10:00:00;  25.2; 26.7;  23.5;  52.4; 58.1;  47.0;  663.4;  722.4;    0.8;    2.4;   33.4;   0.0;  14.8;   1.5
09/10/20;11:00:00;  27.4; 28.6;  26.2;  45.0; 49.1;  39.9;  734.7;  763.2;    0.9;    2.7;   31.6;   0.0;  14.4;   2.0
09/10/20;12:00:00;  28.7; 29.4;  27.6;  39.3; 42.7;  35.9;  678.4;  799.5;    0.9;    3.1;  270.9;   0.0;  13.5;   2.4
09/10/20;13:00:00;  28.4; 29.2;  28.0;  38.7; 40.4;  36.3;  559.6;  747.9;    1.0;    2.9;  195.8;   0.0;  13.0;   2.4
09/10/20;14:00:00;  27.7; 28.5;  26.8;  41.7; 43.2;  39.8;  415.9;  689.9;    1.3;    3.6;  164.7;   0.0;  13.5;   2.2
09/10/20;15:00:00;  27.0; 27.8;  25.9;  45.4; 50.4;  41.6;  286.0;  472.8;    1.4;    3.7;  170.0;   0.0;  14.2;   1.9
09/10/20;16:00:00;  24.9; 26.0;  24.0;  54.1; 57.4;  50.2;  104.5;  240.8;    1.4;    4.1;  161.8;   0.0;  15.0;   1.4
09/10/20;17:00:00;  23.4; 24.1;  22.7;  59.6; 61.8;  57.3;   11.8;   47.3;    1.0;    3.0;  149.0;   0.0;  15.1;   1.2
09/10/20;18:00:00;  22.3; 22.8;  21.8;  63.4; 65.1;  61.7;    0.0;    0.0;    0.3;    2.0;  150.0;   0.0;  15.0;   1.0
09/10/20;19:00:00;  21.0; 21.9;  20.0;  68.0; 71.7;  64.4;    0.0;    0.0;    0.2;    1.4;  300.5;   0.0;  14.9;   0.8
09/10/20;20:00:00;  19.7; 20.2;  19.3;  73.1; 74.6;  71.7;    0.0;    0.0;    0.2;    0.8;  168.9;   0.0;  14.8;   0.6
09/10/20;21:00:00;  18.9; 19.4;  18.5;  75.2; 76.8;  73.5;    0.0;    0.0;    0.2;    0.7;  189.4;   0.0;  14.4;   0.5
09/10/20;22:00:00;  18.4; 18.6;  18.2;  77.7; 79.0;  76.5;    0.0;    0.0;    0.1;    0.5;  181.3;   0.0;  14.5;   0.5
09/10/20;23:00:00;  17.8; 18.3;  17.4;  80.2; 81.4;  78.5;    0.0;    0.0;    0.2;    1.0;  191.1;   0.0;  14.4;   0.4
10/10/20;00:00:00;  17.2; 17.6;  16.8;  82.5; 83.6;  81.3;    0.0;    0.0;    0.2;    0.9;  186.2;   0.0;  14.2;   0.3
10/10/20;01:00:00;  16.6; 16.9;  16.3;  84.4; 85.2;  83.5;    0.0;    0.0;    0.1;    0.9;  196.9;   0.0;  14.0;   0.3
10/10/20;02:00:00;  16.3; 16.5;  16.1;  85.2; 85.6;  84.8;    0.0;    0.0;    0.2;    0.7;  185.5;   0.0;  13.8;   0.3
10/10/20;03:00:00;  15.8; 16.3;  15.5;  85.8; 86.6;  84.9;    0.0;    0.0;    0.1;    0.6;  191.9;   0.0;  13.5;   0.3
10/10/20;04:00:00;  15.5; 15.7;  15.1;  86.9; 87.3;  86.4;    0.0;    0.0;    0.1;    0.8;  190.2;   0.0;  13.3;   0.2
10/10/20;05:00:00;  15.2; 15.5;  14.8;  87.5; 88.0;  86.8;    0.0;    0.0;    0.2;    0.8;  198.7;   0.0;  13.2;   0.2
10/10/20;06:00:00;  15.5; 16.0;  15.2;  87.7; 88.0;  87.3;   18.3;   38.7;    0.0;    0.8;  181.8;   0.0;  13.5;   0.2
10/10/20;07:00:00;  16.9; 18.2;  15.8;  87.3; 88.0;  85.5;   73.0;  109.8;    0.0;    0.5;  220.0;   0.0;  14.8;   0.2
10/10/20;08:00:00;  19.1; 20.1;  18.0;  80.4; 85.6;  75.9;  174.5;  219.4;    0.3;    1.2;   28.1;   0.0;  15.6;   0.4
10/10/20;09:00:00;  20.8; 21.4;  20.0;  71.4; 75.8;  68.7;  274.0;  398.0;    0.4;    1.3;  283.6;   0.0;  15.4;   0.7
10/10/20;10:00:00;  22.5; 23.7;  21.2;  63.9; 69.5;  58.4;  346.2;  921.0;    0.5;    2.2;   60.6;   0.0;  15.3;   1.0
10/10/20;11:00:00;  23.7; 25.2;  22.9;  58.8; 61.8;  52.9;  380.1;  938.0;    0.9;    2.8;   48.2;   0.0;  15.1;   1.2
10/10/20;12:00:00;  25.3; 26.3;  24.3;  52.7; 55.4;  49.4;  616.8;  869.0;    1.3;    3.2;   58.8;   0.0;  14.9;   1.5
10/10/20;13:00:00;  25.4; 26.5;  24.6;  51.4; 55.6;  47.5;  515.6;  767.5;    1.8;    4.7;   63.9;   0.0;  14.7;   1.6
10/10/20;14:00:00;  25.5; 26.0;  24.7;  47.8; 51.2;  45.5;  459.6;  634.2;    1.6;    4.0;  103.7;   0.0;  13.7;   1.7
10/10/20;15:00:00;  25.3; 25.7;  24.8;  47.6; 49.4;  46.3;  284.3;  417.1;    1.3;    4.6;  113.8;   0.0;  13.4;   1.7
10/10/20;16:00:00;  24.1; 24.9;  23.0;  51.8; 56.1;  49.0;  108.2;  217.1;    1.2;    3.4;  130.8;   0.0;  13.6;   1.5
10/10/20;17:00:00;  22.3; 23.1;  21.6;  60.1; 64.7;  56.0;    9.7;   28.0;    1.3;    4.1;  132.0;   0.0;  14.2;   1.1
10/10/20;18:00:00;  21.3; 21.7;  21.0;  67.1; 68.3;  64.6;    0.0;    0.0;    1.1;    4.0;  114.3;   0.0;  15.0;   0.8
10/10/20;19:00:00;  20.8; 21.4;  20.1;  67.6; 70.7;  65.7;    0.0;    0.0;    0.2;    1.5;   61.5;   0.0;  14.6;   0.8
10/10/20;20:00:00;  19.4; 20.3;  18.5;  72.9; 75.8;  69.9;    0.0;    0.0;    0.1;    1.1;  153.1;   0.0;  14.4;   0.6
10/10/20;21:00:00;  18.4; 18.8;  17.9;  75.0; 75.7;  74.2;    0.0;    0.0;    0.3;    1.0;  189.0;   0.0;  13.8;   0.5
10/10/20;22:00:00;  17.7; 18.0;  17.2;  76.7; 78.3;  75.1;    0.0;    0.0;    0.2;    0.9;  189.9;   0.0;  13.6;   0.5
10/10/20;23:00:00;  17.1; 17.4;  16.9;  79.3; 80.5;  78.1;    0.0;    0.0;    0.4;    1.0;  196.1;   0.0;  13.5;   0.4
11/10/20;00:00:00;  16.8; 17.2;  16.5;  81.2; 82.9;  79.6;    0.0;    0.0;    0.1;    0.7;  188.1;   0.0;  13.6;   0.4
11/10/20;01:00:00;  16.6; 16.8;  16.5;  83.4; 83.8;  82.8;    0.0;    0.0;    0.3;    0.9;  191.0;   0.0;  13.8;   0.3
11/10/20;02:00:00;  16.8; 17.0;  16.6;  83.4; 83.8;  83.1;    0.0;    0.0;    0.1;    0.7;  193.6;   0.0;  13.9;   0.3
11/10/20;03:00:00;  16.8; 17.3;  16.5;  83.4; 84.0;  82.7;    0.0;    0.0;    0.0;    0.7;  185.3;   0.0;  14.0;   0.3
11/10/20;04:00:00;  17.3; 17.5;  17.1;  82.2; 82.9;  81.5;    0.0;    0.0;    0.0;    0.6;   63.3;   0.0;  14.3;   0.4
11/10/20;05:00:00;  17.3; 17.8;  17.1;  81.3; 81.9;  80.2;    0.0;    0.0;    0.2;    0.9;   84.9;   0.0;  14.1;   0.4
11/10/20;06:00:00;  18.1; 18.4;  17.6;  78.9; 80.3;  77.8;    2.3;    4.3;    0.1;    0.9;   58.6;   0.0;  14.4;   0.4
11/10/20;07:00:00;  18.4; 18.8;  18.2;  79.8; 80.8;  78.5;   20.7;   55.9;    0.2;    2.1;  270.9;   0.0;  14.9;   0.4
11/10/20;08:00:00;  19.1; 19.8;  18.4;  69.6; 79.8;  57.8;  109.2;  329.2;    0.4;    1.7;  186.4;   0.0;  13.4;   0.7
11/10/20;09:00:00;  20.4; 20.8;  19.7;  51.0; 59.2;  47.6;  139.4;  238.8;    0.8;    4.2;   95.0;   0.0;   9.9;   1.2
11/10/20;10:00:00;  20.5; 21.5;  19.5;  56.3; 63.7;  50.7;  273.7;  499.0;    0.5;    2.2;  229.1;   0.1;  11.5;   1.1
11/10/20;11:00:00;  23.1; 23.8;  21.4;  45.1; 52.4;  41.7;  693.7;  921.0;    1.1;    3.5;  293.4;   0.0;  10.6;   1.6
11/10/20;12:00:00;  24.4; 25.8;  23.1;  42.7; 45.7;  39.0;  719.9;  823.0;    1.2;    3.5;  294.9;   0.0;  10.9;   1.7
11/10/20;13:00:00;  24.5; 25.4;  23.7;  43.3; 47.2;  38.6;  601.0;  804.0;    0.9;    3.3;  285.7;   0.0;  11.2;   1.7
11/10/20;14:00:00;  25.5; 26.2;  24.7;  34.5; 39.8;  31.2;  527.3;  604.1;    0.9;    2.6;  253.7;   0.0;   8.7;   2.1
11/10/20;15:00:00;  24.6; 25.8;  22.6;  37.1; 45.3;  29.9;  354.1;  442.8;    1.8;    6.3;  204.7;   0.0;   8.9;   2.0
11/10/20;16:00:00;  21.9; 22.8;  20.8;  47.4; 50.5;  44.9;  127.8;  264.4;    2.0;    5.4;  149.2;   0.0;  10.2;   1.4
11/10/20;17:00:00;  19.9; 20.9;  19.1;  53.4; 55.3;  50.4;    8.5;   28.0;    1.8;    5.3;  124.3;   0.0;  10.2;   1.1
11/10/20;18:00:00;  18.7; 19.2;  18.0;  56.9; 59.1;  55.1;    0.0;    0.0;    1.0;    3.9;  105.9;   0.0;  10.0;   0.9
11/10/20;19:00:00;  18.0; 18.2;  17.5;  59.0; 60.6;  58.2;    0.0;    0.0;    0.7;    3.0;   79.4;   0.0;   9.9;   0.8
11/10/20;20:00:00;  17.0; 18.0;  15.7;  62.7; 67.8;  58.6;    0.0;    0.0;    0.3;    1.8;  114.4;   0.0;   9.9;   0.7
11/10/20;21:00:00;  15.6; 16.0;  15.0;  69.0; 71.4;  67.4;    0.0;    0.0;    0.4;    1.1;  194.2;   0.0;   9.9;   0.5
11/10/20;22:00:00;  14.8; 15.1;  14.4;  72.1; 73.4;  70.9;    0.0;    0.0;    0.4;    1.0;  184.9;   0.0;   9.8;   0.5
11/10/20;23:00:00;  14.7; 15.0;  14.2;  72.1; 72.9;  71.4;    0.0;    0.0;    0.4;    1.2;  186.9;   0.0;   9.7;   0.5
12/10/20;00:00:00;  13.4; 14.3;  12.6;  75.8; 79.1;  72.4;    0.0;    0.0;    0.3;    1.0;  202.0;   0.0;   9.2;   0.4
12/10/20;01:00:00;  12.4; 13.0;  11.6;  79.6; 81.4;  78.0;    0.0;    0.0;    0.2;    0.8;  159.4;   0.0;   8.9;   0.3
12/10/20;02:00:00;  14.2; 15.3;  11.5;  54.7; 82.9;  39.2;    0.0;    0.0;    0.9;    3.2;  240.8;   0.0;   4.8;   0.8
12/10/20;03:00:00;  14.7; 15.2;  13.6;  37.4; 43.7;  34.6;    0.0;    0.0;    0.9;    3.1;  264.1;   0.0;   0.3;   1.0
12/10/20;04:00:00;  13.9; 14.2;  13.5;  38.3; 40.0;  37.1;    0.0;    0.0;    1.1;    2.7;  196.9;   0.0;  -0.1;   1.0
12/10/20;05:00:00;  13.3; 14.2;  12.8;  40.5; 42.1;  37.4;    0.0;    0.0;    0.8;    2.5;  199.7;   0.0;   0.2;   0.9
12/10/20;06:00:00;  13.2; 13.7;  12.7;  41.4; 42.6;  40.6;   18.4;  120.5;    0.8;    2.2;  198.3;   0.0;   0.3;   0.9
12/10/20;07:00:00;  15.3; 16.6;  13.6;  36.1; 40.9;  33.1;  223.9;  327.1;    0.9;    2.7;  217.2;   0.0;   0.3;   1.1
12/10/20;08:00:00;  17.6; 18.5;  16.6;  31.6; 34.1;  29.7;  425.4;  516.3;    1.0;    3.4;  291.2;   0.0;   0.5;   1.4
12/10/20;09:00:00;  19.1; 20.1;  18.2;  29.4; 31.4;  27.0;  592.0;  658.2;    1.3;    3.4;  323.0;   0.0;   0.9;   1.6
12/10/20;10:00:00;  20.9; 21.9;  19.9;  25.8; 27.8;  23.4;  705.8;  744.2;    1.1;    3.4;  334.3;   0.0;   0.6;   1.8
12/10/20;11:00:00;  22.0; 22.7;  21.3;  23.0; 25.3;  21.0;  760.1;  767.7;    1.0;    3.5;  316.9;   0.0;  -0.1;   2.0
12/10/20;12:00:00;  22.8; 24.1;  21.9;  21.1; 23.2;  18.4;  749.5;  767.7;    0.8;    2.9;  326.3;   0.0;  -0.6;   2.2
12/10/20;13:00:00;  23.8; 24.4;  23.0;  19.1; 21.1;  17.1;  672.2;  722.4;    0.9;    3.0;  341.0;   0.0;  -1.2;   2.4
12/10/20;14:00:00;  23.9; 24.9;  23.0;  18.7; 20.1;  16.7;  536.7;  617.0;    0.6;    2.2;   58.1;   0.0;  -1.3;   2.4
12/10/20;15:00:00;  24.1; 24.9;  23.4;  18.1; 19.5;  17.2;  355.5;  451.5;    0.7;    2.7;  256.1;   0.0;  -1.6;   2.5
12/10/20;16:00:00;  21.7; 23.6;  19.9;  27.4; 33.8;  17.9;  121.0;  255.8;    1.8;    5.9;  179.6;   0.0;   1.8;   1.9
12/10/20;17:00:00;  19.3; 20.0;  18.7;  36.5; 40.4;  33.6;    6.3;   21.5;    2.4;    8.3;  177.2;   0.0;   4.0;   1.4
12/10/20;18:00:00;  18.1; 18.8;  17.7;  45.5; 48.8;  40.2;    0.0;    0.0;    2.1;    4.9;  181.6;   0.0;   6.2;   1.1
12/10/20;19:00:00;  17.5; 17.8;  17.3;  50.7; 52.4;  48.6;    0.0;    0.0;    1.8;    5.3;  179.6;   0.0;   7.2;   1.0
12/10/20;20:00:00;  17.1; 17.5;  16.5;  52.3; 53.0;  51.6;    0.0;    0.0;    1.0;    3.8;  217.2;   0.0;   7.2;   0.9
12/10/20;21:00:00;  15.3; 16.6;  14.0;  57.8; 62.2;  52.8;    0.0;    0.0;    0.2;    0.7;  221.2;   0.0;   7.0;   0.7
12/10/20;22:00:00;  13.5; 14.1;  12.5;  62.4; 65.6;  61.3;    0.0;    0.0;    0.3;    1.2;  190.4;   0.0;   6.5;   0.6
12/10/20;23:00:00;  12.0; 12.6;  11.5;  66.2; 67.6;  65.2;    0.0;    0.0;    0.3;    1.1;  188.0;   0.0;   5.9;   0.5
13/10/20;00:00:00;  11.5; 11.9;  11.1;  66.1; 67.6;  64.7;    0.0;    0.0;    0.4;    1.1;  186.0;   0.0;   5.4;   0.5
13/10/20;01:00:00;  10.9; 11.3;  10.2;  67.0; 68.4;  65.6;    0.0;    0.0;    0.5;    1.2;  193.7;   0.0;   5.0;   0.4
13/10/20;02:00:00;  10.2; 10.5;   9.8;  69.5; 71.0;  68.4;    0.0;    0.0;    0.4;    1.4;  188.3;   0.0;   4.9;   0.4
13/10/20;03:00:00;  10.0; 10.6;   9.5;  68.7; 70.1;  67.2;    0.0;    0.0;    0.2;    1.0;  168.0;   0.0;   4.5;   0.4
13/10/20;04:00:00;  10.2; 10.9;   9.6;  67.9; 71.1;  62.7;    0.0;    0.0;    0.3;    2.0;  135.6;   0.0;   4.6;   0.4
13/10/20;05:00:00;  12.1; 13.5;  10.9;  54.6; 62.7;  45.8;    0.0;    0.0;    0.3;    1.8;  198.4;   0.0;   3.2;   0.6
13/10/20;06:00:00;  15.6; 16.4;  12.5;  34.7; 47.0;  32.3;   17.0;  111.9;    0.8;    2.2;  196.9;   0.0;   0.0;   1.2
13/10/20;07:00:00;  18.6; 19.8;  15.9;  31.5; 35.9;  28.7;  214.7;  344.2;    0.6;    2.3;  227.7;   0.0;   1.4;   1.5
13/10/20;08:00:00;  20.6; 22.4;  19.3;  29.4; 33.2;  25.6;  383.8;  507.6;    0.6;    1.9;  256.8;   0.0;   2.1;   1.7
13/10/20;09:00:00;  23.0; 24.6;  22.0;  24.6; 27.2;  21.4;  563.5;  640.8;    0.7;    2.2;  281.9;   0.0;   1.7;   2.1
13/10/20;10:00:00;  24.7; 25.6;  23.8;  21.8; 23.3;  20.7;  627.8;  718.2;    0.9;    2.9;  246.9;   0.0;   1.4;   2.4
13/10/20;11:00:00;  27.1; 28.3;  25.4;  20.5; 22.1;  19.0;  727.9;  797.7;    1.0;    3.2;  318.3;   0.0;   2.6;   2.8
13/10/20;12:00:00;  28.2; 28.9;  27.3;  20.0; 21.6;  18.9;  726.5;  765.4;    0.8;    2.4;  342.3;   0.0;   3.1;   3.1
13/10/20;13:00:00;  28.6; 29.5;  27.6;  19.8; 21.3;  18.2;  661.0;  711.4;    0.9;    3.2;  325.2;   0.0;   3.3;   3.1
13/10/20;14:00:00;  28.9; 29.7;  27.8;  19.1; 20.5;  17.9;  522.9;  614.7;    0.8;    2.1;  295.0;   0.0;   3.0;   3.2
13/10/20;15:00:00;  26.9; 28.9;  25.7;  21.9; 23.7;  18.8;  258.0;  459.9;    1.7;    5.1;  187.3;   0.0;   3.3;   2.8
13/10/20;16:00:00;  24.5; 25.8;  23.9;  25.4; 26.2;  23.6;   69.1;  124.7;    2.2;    5.4;  180.0;   0.0;   3.4;   2.3
13/10/20;17:00:00;  23.3; 24.1;  22.9;  26.7; 27.6;  26.0;   10.8;   34.4;    2.4;    6.6;  182.7;   0.0;   3.1;   2.1
13/10/20;18:00:00;  22.9; 23.1;  22.8;  27.7; 27.9;  27.5;    0.0;    0.0;    1.9;    4.6;  188.2;   0.0;   3.3;   2.0
13/10/20;19:00:00;  21.9; 23.1;  20.6;  30.2; 33.1;  27.5;    0.0;    0.0;    0.5;    3.0;  159.5;   0.0;   3.6;   1.8
13/10/20;20:00:00;  19.1; 20.7;  17.9;  37.5; 41.2;  33.1;    0.0;    0.0;    0.2;    0.8;  161.3;   0.0;   4.2;   1.4
13/10/20;21:00:00;  17.1; 18.3;  16.3;  42.9; 45.8;  38.9;    0.0;    0.0;    0.2;    1.2;  168.2;   0.0;   4.4;   1.1
13/10/20;22:00:00;  15.9; 16.3;  15.4;  46.9; 48.2;  45.7;    0.0;    0.0;    0.3;    0.9;  187.1;   0.0;   4.6;   1.0
13/10/20;23:00:00;  15.9; 16.3;  15.5;  46.8; 48.3;  45.2;    0.0;    0.0;    0.6;    1.7;  194.2;   0.0;   4.5;   1.0
14/10/20;00:00:00;  15.0; 16.1;  14.0;  50.6; 53.9;  46.6;    0.0;    0.0;    0.3;    1.3;  186.1;   0.0;   4.8;   0.8
14/10/20;01:00:00;  13.7; 14.3;  13.2;  54.8; 56.8;  52.8;    0.0;    0.0;    0.3;    1.0;  195.6;   0.0;   4.8;   0.7
14/10/20;02:00:00;  12.8; 13.3;  12.0;  58.3; 60.4;  56.4;    0.0;    0.0;    0.3;    0.9;  155.4;   0.0;   4.8;   0.6
14/10/20;03:00:00;  12.4; 12.7;  11.9;  59.8; 62.5;  57.8;    0.0;    0.0;    0.3;    1.0;  189.1;   0.0;   4.8;   0.6
14/10/20;04:00:00;  12.7; 13.1;  12.3;  57.7; 59.2;  56.5;    0.0;    0.0;    0.2;    0.8;  199.1;   0.0;   4.5;   0.6
14/10/20;05:00:00;  12.6; 13.0;  12.2;  57.5; 59.4;  56.0;    0.0;    0.0;    0.2;    0.8;  196.0;   0.0;   4.4;   0.6
14/10/20;06:00:00;  12.7; 13.5;  12.2;  57.9; 59.5;  55.2;   22.7;   60.3;    0.2;    0.9;  183.7;   0.0;   4.6;   0.6
14/10/20;07:00:00;  15.8; 18.4;  13.4;  49.6; 55.3;  41.6;  180.3;  286.2;    0.4;    2.0;  180.5;   0.0;   5.3;   0.9
14/10/20;08:00:00;  21.5; 23.1;  18.4;  31.8; 41.7;  28.8;  410.7;  494.7;    0.6;    2.0;  201.6;   0.0;   4.0;   1.8
14/10/20;09:00:00;  23.7; 25.8;  22.2;  29.2; 31.2;  26.3;  589.7;  776.3;    0.9;    2.6;  283.3;   0.0;   4.7;   2.1
14/10/20;10:00:00;  24.3; 26.2;  23.1;  28.1; 29.9;  24.1;  491.8;  860.0;    1.0;    3.4;   10.2;   0.0;   4.6;   2.2
14/10/20;11:00:00;  25.0; 27.0;  23.6;  25.7; 28.5;  21.7;  454.9;  815.0;    1.4;    4.3;   13.5;   0.0;   4.0;   2.4
14/10/20;12:00:00;  26.2; 27.4;  24.9;  22.8; 25.3;  20.8;  602.7;  804.0;    1.5;    4.5;    3.2;   0.0;   3.4;   2.6
14/10/20;13:00:00;  25.7; 26.8;  24.6;  22.9; 24.6;  20.7;  362.8;  769.7;    1.2;    4.5;  353.0;   0.0;   2.9;   2.5
14/10/20;14:00:00;  24.7; 25.5;  23.7;  24.3; 38.7;  21.6;  179.7;  584.8;    1.5;    5.1;    8.1;   0.0;   2.8;   2.4
14/10/20;15:00:00;  22.1; 23.8;  20.9;  50.6; 56.8;  37.9;  133.6;  200.0;    1.6;    3.9;   53.5;   0.0;  11.3;   1.3
14/10/20;16:00:00;  20.1; 21.0;  19.2;  59.7; 62.8;  56.4;   70.8;  161.3;    1.6;    5.1;  130.1;   0.0;  12.0;   1.0
14/10/20;17:00:00;  18.8; 19.4;  18.2;  64.0; 65.9;  62.5;    5.9;   23.7;    1.4;    5.0;  128.0;   0.0;  11.8;   0.8
14/10/20;18:00:00;  18.0; 18.4;  17.6;  67.3; 68.8;  65.7;    0.0;    0.0;    0.8;    3.4;  118.5;   0.0;  11.8;   0.7
14/10/20;19:00:00;  16.6; 17.7;  15.5;  70.8; 73.3;  68.1;    0.0;    0.0;    0.4;    2.2;  152.3;   0.0;  11.3;   0.6
14/10/20;20:00:00;  15.5; 15.9;  14.9;  72.3; 74.9;  69.9;    0.0;    0.0;    0.5;    2.1;  193.4;   0.0;  10.5;   0.5
14/10/20;21:00:00;  14.4; 15.0;  13.6;  74.3; 75.7;  72.8;    0.0;    0.0;    0.5;    1.4;  185.0;   0.0;   9.9;   0.4
14/10/20;22:00:00;  13.1; 13.7;  12.5;  75.3; 77.1;  74.0;    0.0;    0.0;    0.5;    1.3;  194.3;   0.0;   8.8;   0.4
14/10/20;23:00:00;  12.3; 12.9;  11.8;  77.8; 80.3;  72.9;    0.0;    0.0;    0.4;    1.5;  190.6;   0.0;   8.6;   0.3
15/10/20;00:00:00;  13.6; 15.2;  11.7;  51.2; 72.9;  38.2;    0.0;    0.0;    0.4;    1.9;  215.1;   0.0;   3.5;   0.8
15/10/20;01:00:00;  11.2; 11.8;  10.6;  60.5; 67.8;  56.2;    0.0;    0.0;    0.4;    1.2;  190.5;   0.0;   3.8;   0.5
15/10/20;02:00:00;  11.2; 11.9;  10.6;  50.2; 56.9;  44.7;    0.0;    0.0;    0.6;    1.7;  200.9;   0.0;   1.2;   0.7
15/10/20;03:00:00;  11.5; 13.4;  10.6;  46.3; 50.5;  37.6;    0.0;    0.0;    0.5;    1.3;  200.1;   0.0;   0.3;   0.7
15/10/20;04:00:00;  13.2; 13.7;  12.6;  37.8; 39.8;  35.5;    0.0;    0.0;    0.7;    1.5;  193.7;   0.0;  -0.9;   0.9
15/10/20;05:00:00;  13.3; 13.7;  13.1;  37.0; 38.5;  35.6;    0.0;    0.0;    0.6;    1.9;  198.9;   0.0;  -1.0;   1.0
15/10/20;06:00:00;  12.0; 13.4;  11.3;  42.3; 45.4;  36.9;   12.2;   49.5;    0.4;    1.1;  197.9;   0.0;  -0.4;   0.8
15/10/20;07:00:00;  15.0; 17.1;  12.0;  34.7; 42.3;  30.5;  206.3;  305.6;    0.5;    2.1;  225.3;   0.0;  -0.5;   1.1
15/10/20;08:00:00;  18.3; 19.9;  16.8;  29.6; 32.2;  26.0;  405.4;  497.0;    0.6;    2.5;  285.4;   0.0;   0.2;   1.5
15/10/20;09:00:00;  20.6; 21.6;  19.6;  24.9; 27.7;  22.4;  574.0;  643.1;    1.1;    3.3;  321.5;   0.0;  -0.1;   1.8
15/10/20;10:00:00;  22.1; 23.3;  21.1;  22.3; 24.1;  19.8;  687.7;  724.7;    1.2;    4.1;  342.0;   0.0;  -0.5;   2.1
15/10/20;11:00:00;  22.8; 23.8;  21.6;  21.0; 22.9;  19.4;  740.5;  750.5;    1.1;    4.3;  348.6;   0.0;  -0.7;   2.2
15/10/20;12:00:00;  24.0; 24.7;  23.2;  18.9; 20.7;  17.5;  729.2;  750.5;    1.5;    5.0;  345.0;   0.0;  -1.1;   2.4
15/10/20;13:00:00;  24.8; 25.4;  24.0;  17.6; 18.9;  16.1;  648.8;  698.7;    1.1;    3.5;  345.0;   0.0;  -1.5;   2.6
15/10/20;14:00:00;  24.8; 25.2;  24.1;  17.3; 18.4;  16.2;  512.3;  589.1;    1.0;    3.3;  339.0;   0.0;  -1.7;   2.6
15/10/20;15:00:00;  23.6; 25.4;  22.2;  18.8; 21.6;  16.4;  186.8;  427.8;    0.6;    2.4;  303.5;   0.0;  -1.5;   2.4
15/10/20;16:00:00;  22.4; 23.6;  21.6;  21.6; 23.8;  19.1;   70.4;  210.7;    0.2;    1.5;  321.7;   0.0;  -0.6;   2.1
15/10/20;17:00:00;  20.8; 21.9;  19.7;  28.7; 31.9;  21.3;    4.6;   23.7;    0.5;    2.3;  187.0;   0.0;   1.9;   1.8
15/10/20;18:00:00;  18.4; 19.7;  17.0;  34.7; 40.3;  30.8;    0.0;    0.0;    0.3;    1.0;  158.9;   0.0;   2.5;   1.4
15/10/20;19:00:00;  17.5; 18.0;  16.9;  38.8; 40.4;  36.8;    0.0;    0.0;    0.6;    1.7;  192.6;   0.0;   3.3;   1.2
15/10/20;20:00:00;  17.4; 18.1;  16.0;  41.4; 44.8;  39.7;    0.0;    0.0;    0.8;    2.1;  196.2;   0.0;   4.2;   1.2
15/10/20;21:00:00;  15.3; 16.1;  14.1;  44.5; 46.1;  41.3;    0.0;    0.0;    0.5;    1.3;  204.7;   0.0;   3.3;   1.0
15/10/20;22:00:00;  14.6; 15.6;  13.5;  42.0; 48.6;  37.7;    0.0;    0.0;    0.6;    1.4;  192.6;   0.0;   1.8;   1.0
15/10/20;23:00:00;  12.5; 13.8;  11.6;  48.7; 56.5;  42.9;    0.0;    0.0;    0.1;    0.7;  193.2;   0.0;   2.0;   0.7
16/10/20;00:00:00;  12.1; 12.4;  11.7;  46.5; 57.3;  42.8;    0.0;    0.0;    0.6;    1.6;  193.3;   0.0;   0.9;   0.8
16/10/20;01:00:00;  12.2; 12.5;  11.7;  42.2; 44.3;  40.7;    0.0;    0.0;    0.6;    1.8;  189.8;   0.0;  -0.3;   0.8
16/10/20;02:00:00;  12.0; 12.6;  11.4;  42.7; 44.9;  40.4;    0.0;    0.0;    0.5;    1.2;  194.0;   0.0;  -0.3;   0.8
16/10/20;03:00:00;  11.4; 11.9;  11.1;  45.1; 46.3;  43.7;    0.0;    0.0;    0.6;    1.6;  194.9;   0.0;  -0.1;   0.7
16/10/20;04:00:00;  10.9; 11.3;  10.6;  47.0; 47.9;  45.9;    0.0;    0.0;    0.5;    1.5;  190.3;   0.0;   0.1;   0.7
16/10/20;05:00:00;  10.5; 10.8;  10.0;  48.6; 50.6;  47.6;    0.0;    0.0;    0.5;    1.4;  191.7;   0.0;   0.1;   0.7
16/10/20;06:00:00;  10.4; 10.8;  10.1;  49.2; 50.3;  48.1;   11.9;   28.0;    0.6;    1.3;  189.8;   0.0;   0.2;   0.6
16/10/20;07:00:00;  13.7; 16.2;  10.7;  41.4; 48.6;  32.9;  199.2;  303.5;    0.3;    1.0;  197.9;   0.0;   0.7;   0.9
16/10/20;08:00:00;  17.1; 18.0;  16.1;  31.2; 33.7;  29.1;  400.4;  490.5;    0.5;    1.8;  257.9;   0.0;  -0.1;   1.3
16/10/20;09:00:00;  18.7; 20.0;  17.5;  28.5; 30.5;  25.8;  565.1;  628.1;    0.7;    2.4;  278.9;   0.0;   0.1;   1.5
16/10/20;10:00:00;  20.6; 22.1;  19.2;  24.8; 28.0;  21.2;  676.2;  716.2;    0.7;    2.3;  323.2;   0.0;  -0.3;   1.8
16/10/20;11:00:00;  22.1; 23.2;  21.0;  21.1; 23.0;  19.3;  729.7;  739.7;    1.0;    2.8;   17.2;   0.0;  -1.2;   2.1
16/10/20;12:00:00;  22.9; 24.1;  21.9;  19.8; 21.8;  17.9;  715.1;  735.4;    1.0;    2.6;   61.8;   0.0;  -1.4;   2.2
16/10/20;13:00:00;  24.1; 25.1;  23.1;  18.1; 19.9;  16.7;  635.9;  688.0;    0.8;    3.1;   48.3;   0.0;  -1.6;   2.5
16/10/20;14:00:00;  23.7; 24.5;  22.9;  19.6; 21.1;  17.7;  499.6;  576.2;    1.2;    4.1;  161.1;   0.0;  -0.9;   2.4
16/10/20;15:00:00;  22.6; 23.3;  21.8;  21.5; 23.2;  20.4;  325.2;  417.1;    1.7;    6.0;  172.7;   0.0;  -0.5;   2.1
16/10/20;16:00:00;  21.0; 22.0;  20.1;  25.0; 26.3;  22.8;  109.3;  227.9;    2.2;    5.2;  180.6;   0.0;   0.2;   1.9
16/10/20;17:00:00;  19.5; 20.3;  18.8;  27.0; 30.1;  24.6;    4.9;   21.5;    2.1;    5.0;  180.5;   0.0;   0.0;   1.7
16/10/20;18:00:00;  18.5; 19.0;  18.0;  35.9; 45.3;  29.9;    0.0;    0.0;    1.9;    5.1;  180.1;   0.0;   3.0;   1.4
16/10/20;19:00:00;  17.2; 18.1;  16.2;  48.2; 52.4;  45.1;    0.0;    0.0;    0.3;    2.3;   77.7;   0.0;   6.2;   1.0
16/10/20;20:00:00;  15.0; 16.2;  14.1;  55.8; 61.8;  51.6;    0.0;    0.0;    0.2;    1.0;  166.4;   0.0;   6.2;   0.8
16/10/20;21:00:00;  13.5; 14.2;  12.9;  61.1; 62.6;  59.2;    0.0;    0.0;    0.4;    1.1;  184.7;   0.0;   6.2;   0.6
16/10/20;22:00:00;  12.5; 13.1;  12.0;  61.1; 63.0;  58.7;    0.0;    0.0;    0.3;    1.1;  184.7;   0.0;   5.2;   0.6
16/10/20;23:00:00;  12.1; 12.4;  11.5;  64.6; 68.0;  62.4;    0.0;    0.0;    0.2;    0.8;  186.7;   0.0;   5.6;   0.5
17/10/20;00:00:00;  11.4; 11.7;  11.1;  69.2; 70.6;  67.7;    0.0;    0.0;    0.2;    1.0;  197.9;   0.0;   5.9;   0.4
17/10/20;01:00:00;  10.5; 11.3;   9.3;  72.3; 76.2;  69.5;    0.0;    0.0;    0.2;    0.9;  189.7;   0.0;   5.7;   0.4
17/10/20;02:00:00;   9.8; 10.5;   9.1;  75.7; 77.5;  74.0;    0.0;    0.0;    0.2;    1.0;  208.2;   0.0;   5.8;   0.3
17/10/20;03:00:00;   8.8;  9.3;   8.5;  79.0; 80.7;  76.2;    0.0;    0.0;    0.1;    0.6;  341.2;   0.0;   5.4;   0.2
17/10/20;04:00:00;   9.1;  9.4;   8.9;  78.1; 79.0;  77.2;    0.0;    0.0;    0.5;    0.9;  200.0;   0.0;   5.5;   0.3
17/10/20;05:00:00;   8.9;  9.1;   8.5;  76.2; 78.4;  73.6;    0.0;    0.0;    0.4;    1.1;  188.7;   0.0;   4.9;   0.3
17/10/20;06:00:00;   8.3;  8.7;   8.1;  76.5; 77.4;  75.1;   12.2;   28.0;    0.4;    0.9;  197.6;   0.0;   4.5;   0.3
17/10/20;07:00:00;  11.2; 12.9;   8.3;  64.2; 76.0;  55.5;  189.8;  294.9;    0.2;    1.6;  342.4;   0.0;   4.6;   0.5
17/10/20;08:00:00;  14.5; 16.7;  12.4;  48.4; 57.3;  39.4;  391.0;  477.7;    0.3;    1.3;  348.1;   0.0;   3.7;   0.9
17/10/20;09:00:00;  18.2; 19.8;  16.6;  31.9; 39.7;  26.8;  553.9;  623.8;    0.4;    1.4;  342.7;   0.0;   1.2;   1.4
17/10/20;10:00:00;  20.8; 21.9;  19.5;  24.6; 27.5;  22.4;  670.8;  716.2;    0.6;    1.8;  302.2;   0.0;  -0.1;   1.9
17/10/20;11:00:00;  23.1; 24.3;  20.9;  21.9; 25.0;  19.6;  718.7;  735.4;    0.5;    1.6;  264.8;   0.0;   0.1;   2.2
17/10/20;12:00:00;  24.6; 25.6;  23.9;  18.3; 20.8;  16.4;  708.6;  724.7;    0.8;    2.6;   88.5;   0.0;  -1.1;   2.5
17/10/20;13:00:00;  25.3; 26.0;  24.5;  16.7; 18.5;  15.4;  626.4;  679.4;    0.7;    2.5;  203.7;   0.0;  -1.7;   2.7
17/10/20;14:00:00;  26.0; 26.8;  25.2;  15.8; 23.2;  14.4;  533.9;  617.0;    0.6;    2.5;   37.9;   0.0;  -1.9;   2.8
17/10/20;15:00:00;  24.1; 25.8;  22.8;  34.6; 37.8;  24.0;  300.7;  414.8;    1.6;    4.5;  181.9;   0.0;   7.5;   2.0
17/10/20;16:00:00;  22.1; 22.9;  21.4;  35.5; 37.6;  34.4;   79.1;  122.5;    2.1;    5.5;  177.1;   0.0;   6.1;   1.7
17/10/20;17:00:00;  20.8; 21.5;  20.4;  34.6; 38.4;  28.8;    7.9;   36.6;    1.9;    5.4;  176.3;   0.0;   4.6;   1.6
17/10/20;18:00:00;  19.1; 20.6;  16.9;  34.5; 44.6;  28.7;    0.0;    0.0;    0.6;    3.6;   69.9;   0.0;   2.9;   1.5
17/10/20;19:00:00;  16.9; 17.6;  15.8;  45.2; 48.6;  42.9;    0.0;    0.0;    0.3;    1.3;  109.5;   0.0;   5.0;   1.1
17/10/20;20:00:00;  15.1; 15.9;  14.2;  47.8; 49.0;  47.1;    0.0;    0.0;    0.3;    1.0;  181.3;   0.0;   4.1;   0.9
17/10/20;21:00:00;  13.9; 14.4;  13.4;  51.7; 54.2;  48.8;    0.0;    0.0;    0.2;    1.0;  193.9;   0.0;   4.1;   0.8
17/10/20;22:00:00;  12.8; 13.6;  12.3;  56.6; 59.2;  54.0;    0.0;    0.0;    0.3;    1.0;  195.7;   0.0;   4.4;   0.6
17/10/20;23:00:00;  12.4; 13.2;  11.8;  59.2; 61.6;  56.2;    0.0;    0.0;    0.4;    1.2;  194.3;   0.0;   4.7;   0.6
18/10/20;00:00:00;  11.5; 12.0;  11.0;  63.3; 65.1;  61.3;    0.0;    0.0;    0.3;    0.8;  196.2;   0.0;   4.8;   0.5
18/10/20;01:00:00;  10.6; 11.1;  10.1;  65.0; 67.0;  63.3;    0.0;    0.0;    0.2;    0.9;  192.8;   0.0;   4.3;   0.4
18/10/20;02:00:00;   9.6; 10.2;   9.3;  68.5; 69.6;  65.5;    0.0;    0.0;    0.1;    0.5;  194.2;   0.0;   4.1;   0.4
18/10/20;03:00:00;   9.4;  9.8;   8.9;  69.4; 72.1;  67.2;    0.0;    0.0;    0.1;    0.7;  189.3;   0.0;   4.0;   0.4
18/10/20;04:00:00;   8.7;  9.2;   8.3;  72.8; 75.2;  70.3;    0.0;    0.0;    0.1;    1.1;  200.9;   0.0;   4.1;   0.3
18/10/20;05:00:00;   9.2;  9.4;   9.1;  71.6; 73.3;  71.0;    0.0;    0.0;    0.6;    1.3;  192.4;   0.0;   4.4;   0.3
18/10/20;06:00:00;   9.2;  9.4;   8.9;  71.9; 72.8;  69.9;   13.0;   32.3;    0.4;    1.1;  196.1;   0.0;   4.4;   0.3
18/10/20;07:00:00;  12.5; 15.9;   9.4;  58.3; 70.1;  42.2;  179.6;  286.3;    0.1;    1.0;  186.4;   0.0;   4.4;   0.6
18/10/20;08:00:00;  16.3; 18.1;  15.6;  39.8; 44.1;  33.7;  380.0;  469.0;    0.3;    1.3;   15.2;   0.0;   2.6;   1.1
18/10/20;09:00:00;  18.9; 20.6;  17.7;  32.2; 35.3;  27.3;  537.6;  617.4;    0.5;    2.0;  291.4;   0.0;   1.9;   1.5
18/10/20;10:00:00;  21.2; 22.4;  20.1;  27.1; 28.7;  25.6;  644.0;  688.2;    0.6;    1.9;  332.1;   0.0;   1.5;   1.8
18/10/20;11:00:00;  23.3; 25.0;  21.5;  25.5; 27.9;  23.1;  703.3;  711.8;    0.7;    2.4;   45.8;   0.0;   2.4;   2.1
18/10/20;12:00:00;  25.0; 26.1;  24.0;  24.3; 26.4;  22.7;  690.6;  707.5;    1.0;    2.8;   46.0;   0.0;   3.3;   2.4
18/10/20;13:00:00;  25.8; 26.6;  25.1;  25.4; 27.1;  23.2;  617.1;  668.6;    1.5;    4.1;   74.4;   0.0;   4.6;   2.5
18/10/20;14:00:00;  24.9; 25.5;  24.2;  27.8; 30.1;  24.9;  483.3;  561.1;    1.4;    4.1;  127.5;   0.0;   5.1;   2.3
18/10/20;15:00:00;  24.2; 25.0;  23.6;  27.8; 29.4;  26.0;  307.6;  402.0;    1.4;    4.3;  135.0;   0.0;   4.4;   2.2
18/10/20;16:00:00;  22.6; 23.7;  21.3;  32.5; 37.8;  26.1;  107.7;  221.4;    1.3;    3.8;  128.3;   0.0;   5.3;   1.9
18/10/20;17:00:00;  20.3; 21.3;  19.2;  40.6; 44.8;  37.0;    5.3;   25.8;    0.9;    3.4;  101.3;   0.0;   6.4;   1.4
18/10/20;18:00:00;  18.9; 19.5;  17.7;  45.0; 49.0;  42.0;    0.0;    0.0;    0.6;    2.8;   83.1;   0.0;   6.7;   1.2
18/10/20;19:00:00;  15.9; 17.7;  15.1;  53.0; 58.6;  48.3;    0.0;    0.0;    0.3;    1.2;  205.6;   0.0;   6.3;   0.9
18/10/20;20:00:00;  14.3; 15.3;  13.6;  54.3; 57.1;  52.3;    0.0;    0.0;    0.5;    1.2;  182.8;   0.0;   5.2;   0.7
18/10/20;21:00:00;  13.7; 14.4;  12.6;  56.8; 59.6;  53.3;    0.0;    0.0;    0.4;    1.4;  190.2;   0.0;   5.3;   0.7
18/10/20;22:00:00;  12.7; 13.0;  12.3;  61.9; 65.2;  59.2;    0.0;    0.0;    0.4;    1.1;  199.6;   0.0;   5.6;   0.6
18/10/20;23:00:00;  12.2; 12.6;  11.7;  69.0; 73.1;  63.8;    0.0;    0.0;    0.3;    1.3;  203.1;   0.0;   6.6;   0.4
19/10/20;00:00:00;  11.2; 12.2;  10.9;  75.7; 78.8;  71.7;    0.0;    0.0;    0.1;    0.5;  206.5;   0.0;   7.1;   0.3
19/10/20;01:00:00;  10.6; 11.0;  10.3;  80.4; 81.9;  77.7;    0.0;    0.0;    0.1;    0.7;  192.9;   0.0;   7.4;   0.3
19/10/20;02:00:00;  10.4; 11.3;   9.8;  80.0; 81.3;  78.1;    0.0;    0.0;    0.0;    0.8;  161.5;   0.0;   7.1;   0.3
19/10/20;03:00:00;  11.5; 12.1;  10.6;  78.8; 80.5;  77.6;    0.0;    0.0;    0.1;    1.0;  229.1;   0.0;   7.9;   0.3
19/10/20;04:00:00;  11.1; 11.8;  10.1;  78.1; 79.6;  77.4;    0.0;    0.0;    0.0;    0.5;  348.1;   0.0;   7.5;   0.3
19/10/20;05:00:00;  10.0; 10.4;   9.7;  82.1; 83.6;  79.5;    0.0;    0.0;    0.0;    0.6;  272.7;   0.0;   7.1;   0.2
19/10/20;06:00:00;  10.5; 11.3;   9.7;  84.3; 85.2;  82.6;   14.9;   49.5;    0.2;    1.0;  186.5;   0.0;   8.0;   0.2
19/10/20;07:00:00;  12.6; 13.5;  11.2;  76.9; 83.6;  70.7;  108.4;  144.2;    0.4;    1.4;  347.9;   0.0;   8.6;   0.3
19/10/20;08:00:00;  15.0; 16.9;  13.4;  65.6; 70.9;  61.0;  264.1;  389.5;    0.5;    1.7;  299.5;   0.0;   8.6;   0.6
